%YAML:1.0
---
cameraMatrix: !!opencv-matrix
   rows: 3
   cols: 3
   dt: d
   data: [ 7.4255691790075457e+02, 0., 3.4048984953016355e+02, 0.,
       7.4286730016642855e+02, 2.5024141381742743e+02, 0., 0., 1. ]
distCoeffs: !!opencv-matrix
   rows: 1
   cols: 5
   dt: d
   data: [ 8.9301481878395941e-02, -3.9657113603899036e-01,
       4.0326503071630724e-03, 2.7248149237867575e-03,
       -1.0302458005650193e-01 ]
