%YAML:1.0
---
cameraMatrix: !!opencv-matrix
   rows: 3
   cols: 3
   dt: d
   data: [ 7.5465089885598979e+02, 0., 3.4218260652129686e+02, 0.,
       7.5240940131622665e+02, 2.4980769660518362e+02, 0., 0., 1. ]
distCoeffs: !!opencv-matrix
   rows: 1
   cols: 5
   dt: d
   data: [ 1.5303934236397199e-01, -1.3934393838916034e-02,
       1.8367113028936025e-03, 1.9707126096781620e-03,
       -7.8927674968120103e+00 ]
