%YAML:1.0
---
cameraMatrix: !!opencv-matrix
   rows: 3
   cols: 3
   dt: d
   data: [ 7.8913774570894816e+02, 0., 3.5744496200967558e+02, 0.,
       7.8640274220868525e+02, 2.5331380557983758e+02, 0., 0., 1. ]
distCoeffs: !!opencv-matrix
   rows: 1
   cols: 5
   dt: d
   data: [ 2.4211783516224175e-01, -1.1673302052808914e+00,
       6.4459965897326211e-03, 1.4669689963089707e-02,
       -9.2319371478948309e+00 ]
