%YAML:1.0
---
cameraMatrix: !!opencv-matrix
   rows: 3
   cols: 3
   dt: d
   data: [ 8.6624179492302585e+02, 0., 3.4088922717865165e+02, 0.,
       8.6194957685226154e+02, 2.5605751482132371e+02, 0., 0., 1. ]
distCoeffs: !!opencv-matrix
   rows: 1
   cols: 5
   dt: d
   data: [ 4.3278980594027128e-01, -4.0557975658335943e+00,
       3.3475917975570191e-03, 2.1188895923862660e-03,
       7.6774684383788170e+00 ]
