%YAML:1.0
---
cameraMatrix: !!opencv-matrix
   rows: 3
   cols: 3
   dt: d
   data: [ 7.6817095801496851e+02, 0., 3.0576218967226055e+02, 0.,
       7.6855066578254866e+02, 1.7531862308038779e+02, 0., 0., 1. ]
distCoeffs: !!opencv-matrix
   rows: 1
   cols: 5
   dt: d
   data: [ 1.7378993877153148e-01, -1.1900396197589569e+00,
       -7.8294149634684958e-03, -8.5354193470122304e-03,
       8.2406547058426298e+00 ]
